15378
15589
15305
15185
15194
15197
17547
17144
17507
17133
18116
18125
18191
18193
18200
21217
21213
21265
21174
21176
21178
21854
21157
21338
21142
21376
21373
21129
21130
21330
21131
21132
21136
21237
21242
21245
20540
20219
20888
20588
20981
20815
20251
20124
20224
20130
20131
20231
22024
22023
22476
22543
22215
22533
22551
22205
22204
22176
22822
22016
23116
23118
23134
23178
23181
23159
23157
23986
4222
4887
4579
4743
4696
4680
4275
4290
4105
4107
6185
6183
6180
6177
6176
6175
6591
8412
8410
8131
8288
9270
9580
9550
9939
9942
9950
9145
9135
9123
9128
10223
10533
10780
10203
10206
10212
10216
10011
10116
10198
11270
11271
11187
11193
11208
11223
11240
11227
11491
