23101
23910
23149
23909
23182
23166
23989
5220
5556
5225
5250
5233
5150
5990
24394
24406
24468
24102
25162
25159
25363
25361
25553
25996
25643
25674
25142
25140
25137
25131
25110
25309
25002
25296
25113
25256
25259
25667
25676
25679
25199
25581
25575
25522
25246
25248
24245
24247
24911
24912
24409
24267
24355
24352
24489
24327
24343
24379
24385
24390
24388
24176
24174
24173
24162
24156
23436
23235
23264
23330
23315
23481
23317
23573
22920
22909
22130
22110
22109
22102
22897
22565
22199
22213
22990
22933
22208
22594
22206
22174
22176
23101
23910
23149
23909
23167
