10164
10162
10843
11266
11887
11273
11530
11190
11274
11818
11208
11223
11218
11216
11379
11354
11420
11422
11424
11174
11133
11136
11158
11139
7295
7296
7279
7277
7268
7263
7410
7132
7166
7168
7171
7174
7244
7242
6215
6237
6242
6233
6230
6227
6225
6222
6221
6219
6217
6019
6283
6281
6278
6277
8465
8153
8151
8127
8126
8560
8545
8770
8786
8253
8255
8120
8170
8168
8166
8325
8338
9227
9226
9217
9824
9813
9536
9789
9157
9135
9123
9121
9109
10221
10219
10200
10838
10206
10519
10187
10189
10192
10174
10617