21338
21144
21157
21145
21146
21919
21147
21753
21561
21571
21377
21149
21686
21230
21588
21301
21302
21351
21358
21650
21112
21114
18118
17128
17126
17124
17911
19530
19542
19553
19558
19563
19248
19341
19309
19299
19311
20144
20880
20876
20006
20106
20107
19306
19153
19156
19290
19281
19320
19137
14200
14202
14992
14989
13720
13259
13019
13144
13147
13149
13848
13223
13225
13557
13227
13229
13231
13233
13268
13235
13178
12166
12439
12854
12308
12531
12309
12138
12139
12551
12556
12105
12106
12185
12186
12187
12188
12189
12190
12474
12460
12458
12111
12436
12430
12453
12431
12455
12237